xof 0303txt 0032
template XSkinMeshHeader {
 <3cf169ce-ff7c-44ab-93c0-f78f62d172e2>
 WORD nMaxSkinWeightsPerVertex;
 WORD nMaxSkinWeightsPerFace;
 WORD nBones;
}

template VertexDuplicationIndices {
<b8d65549-d7c9-4995-89cf-53a9a8b031e3>
 DWORD nIndices;
 DWORD nOriginalVertices;
 array DWORD indices[nIndices];
}

template SkinWeights {
 <6f0d123b-bad2-4167-a0d0-80224f25fabb>
 STRING transformNodeName;
 DWORD nWeights;
 array DWORD vertexIndices[nWeights];
 array FLOAT weights[nWeights];
 Matrix4x4 matrixOffset;
}


Frame Scene_Root {


 FrameTransformMatrix {
  1.000000, 0.000000, 0.000000, 0.000000,
  0.000000, 1.000000, 0.000000, 0.000000,
  0.000000, 0.000000, 1.000000, 0.000000,
  0.000000, 0.000000, 0.000000, 1.000000;;
 }


 Frame Bone10 {

  FrameTransformMatrix {
   1.000000, 0.000000, 0.000000, 0.000000,
   0.000000, 0.000000, 1.000000, 0.000000,
   0.000000, -1.000000, 0.000000, 0.000000,
   0.000000, 16.490530, 0.404382, 1.000000;;
  }

  Frame Bone11 {

   FrameTransformMatrix {
    1.000000, 0.000000, 0.000000, 0.000000,
    0.000000, 0.993572, -0.113203, 0.000000,
    0.000000, 0.113203, 0.993572, 0.000000,
    0.000000, -5.956235, -0.600487, 1.000000;;
   }

   Frame Bone12 {

    FrameTransformMatrix {
     1.000000, 0.000000, 0.000000, 0.000000,
     0.000000, 0.999391, 0.034900, 0.000000,
     0.000000, -0.034900, 0.999391, 0.000000,
     0.000000, -4.781297, -0.070304, 1.000000;;
    }

    Frame Bone13 {

     FrameTransformMatrix {
      1.000000, 0.000000, 0.000000, 0.000000,
      0.000000, 0.961262, -0.275638, 0.000000,
      0.000000, 0.275638, 0.961262, 0.000000,
      0.000000, -3.345598, -0.006707, 1.000000;;
     }

     Frame Bone14 {

      FrameTransformMatrix {
       1.000000, 0.000000, 0.000000, 0.000000,
       0.000000, 0.968148, -0.250380, 0.000000,
       0.000000, 0.250380, 0.968148, 0.000000,
       0.000000, -3.242632, -0.020279, 1.000000;;
      }
     }

    }

    }

   }


   Frame Bone16 {

    FrameTransformMatrix {
     1.000000, 0.000000, 0.000000, 0.000000,
     0.000000, 1.000000, 0.000000, 0.000000,
     0.000000, 0.000000, 1.000000, 0.000000,
     0.000000, 6.665417, -1.501221, 1.000000;;
    }

    Frame Bone17 {

     FrameTransformMatrix {
      1.000000, 0.000000, 0.000000, 0.000000,
      0.000000, 1.000000, 0.000000, 0.000000,
      0.000000, 0.000000, 1.000000, 0.000000,
      0.000000, 3.362733, -0.240194, 1.000000;;
     }
    }


    Frame Bone22 {

     FrameTransformMatrix {
      0.707107, 0.707107, 0.000000, 0.000000,
      -0.707107, 0.707107, 0.000000, 0.000000,
      0.000000, 0.000000, 1.000000, 0.000000,
      -4.173818, 1.681561, 0.378769, 1.000000;;
     }
    }


    Frame Bone26 {

     FrameTransformMatrix {
      0.906308, 0.422618, 0.000000, 0.000000,
      -0.422618, 0.906308, 0.000000, 0.000000,
      0.000000, 0.000000, 1.000000, 0.000000,
      -2.254459, 3.033281, -0.126541, 1.000000;;
     }
    }


    Frame Bone19 {

     FrameTransformMatrix {
      0.906308, -0.422618, 0.000000, 0.000000,
      0.422618, 0.906308, 0.000000, 0.000000,
      0.000000, 0.000000, 1.000000, 0.000000,
      2.253999, 3.033195, -0.126541, 1.000000;;
     }
    }


    Frame Bone24 {

     FrameTransformMatrix {
      0.707107, -0.707107, 0.000000, 0.000000,
      0.707107, 0.707107, 0.000000, 0.000000,
      0.000000, 0.000000, 1.000000, 0.000000,
      4.173999, 1.681196, 0.378769, 1.000000;;
     }
    }

   }


    Frame Bone27 {

     FrameTransformMatrix {
      1.000000, 0.000000, 0.000000, 0.000000,
      0.000000, 1.000000, 0.000000, 0.000000,
      0.000000, 0.000000, 1.000000, 0.000000,
      -3.635151, -6.008695, 0.049444, 1.000000;;
     }

     Frame Bone28 {

      FrameTransformMatrix {
       0.866025, 0.500000, 0.000000, 0.000000,
       -0.500000, 0.866025, 0.000000, 0.000000,
       0.000000, 0.000000, 1.000000, 0.000000,
       -11.215849, 2.029307, -1.714296, 1.000000;;
      }

      Frame Bone29 {

       FrameTransformMatrix {
        1.000000, 0.000000, 0.000000, 0.000000,
        0.000000, 1.000000, 0.000000, 0.000000,
        0.000000, 0.000000, 1.000000, 0.000000,
        -11.810734, -0.396794, -1.023127, 1.000000;;
       }

       Frame Bone42 {

        FrameTransformMatrix {
         0.026177, -0.999657, 0.000000, 0.000000,
         0.999657, 0.026177, 0.000000, 0.000000,
         0.000000, 0.000000, 1.000000, 0.000000,
         -0.296437, 2.592556, 0.000000, 1.000000;;
        }
       }


       Frame Bone44 {

        FrameTransformMatrix {
         0.656059, -0.754709, 0.000000, 0.000000,
         0.754709, 0.656059, 0.000000, 0.000000,
         0.000000, 0.000000, 1.000000, 0.000000,
         -2.144895, 1.574589, 0.000000, 1.000000;;
        }
       }


       Frame Bone30 {

        FrameTransformMatrix {
         0.984808, -0.173648, 0.000000, 0.000000,
         0.173648, 0.984808, 0.000000, 0.000000,
         0.000000, 0.000000, 1.000000, 0.000000,
         -2.423827, -0.624417, 0.000000, 1.000000;;
        }
       }

      }

      }

     }


     Frame Bone36 {

      FrameTransformMatrix {
       1.000000, 0.000000, 0.000000, 0.000000,
       0.000000, 1.000000, 0.000000, 0.000000,
       0.000000, 0.000000, 1.000000, 0.000000,
       3.635000, -6.008388, 0.049444, 1.000000;;
      }

      Frame Bone38 {

       FrameTransformMatrix {
        -0.838671, 0.544639, 0.000000, 0.000000,
        -0.544639, -0.838671, 0.000000, 0.000000,
        0.000000, 0.000000, 1.000000, 0.000000,
        11.215999, 2.029000, -1.714296, 1.000000;;
       }

       Frame Bone37 {

        FrameTransformMatrix {
         1.000000, 0.000000, 0.000000, 0.000000,
         0.000000, 1.000000, 0.000000, 0.000000,
         0.000000, 0.000000, 1.000000, 0.000000,
         -11.810403, -0.396654, -1.023127, 1.000000;;
        }

        Frame Bone35 {

         FrameTransformMatrix {
          0.026177, -0.999657, 0.000000, 0.000000,
          0.999657, 0.026177, 0.000000, 0.000000,
          0.000000, 0.000000, 1.000000, 0.000000,
          -0.165261, -2.429739, 0.000000, 1.000000;;
         }
        }


        Frame Bone33 {

         FrameTransformMatrix {
          -0.615662, -0.788010, 0.000000, 0.000000,
          0.788010, -0.615662, 0.000000, 0.000000,
          0.000000, 0.000000, 1.000000, 0.000000,
          -2.064706, -1.509845, -0.000492, 1.000000;;
         }
        }


        Frame Bone43 {

         FrameTransformMatrix {
          -0.974370, -0.224951, 0.000000, 0.000000,
          0.224951, -0.974370, 0.000000, 0.000000,
          0.000000, 0.000000, 1.000000, 0.000000,
          -2.458190, 0.671427, -0.000492, 1.000000;;
         }
        }

       }

       }

      }


      Frame Bone49 {

       FrameTransformMatrix {
        0.956305, 0.000000, 0.292372, 0.000000,
        0.000000, 1.000000, 0.000000, 0.000000,
        -0.292372, 0.000000, 0.956305, 0.000000,
        -2.803466, -2.644905, 3.572600, 1.000000;;
       }

       Frame Bone50 {

        FrameTransformMatrix {
         0.956305, 0.000000, -0.292372, 0.000000,
         0.099997, 0.939693, 0.327076, 0.000000,
         0.274740, -0.342020, 0.898632, 0.000000,
         0.000000, 1.211151, 4.079669, 1.000000;;
        }

        Frame Bone51 {

         FrameTransformMatrix {
          1.000000, 0.000000, 0.000000, 0.000000,
          0.000000, 0.995396, 0.095846, 0.000000,
          0.000000, -0.095846, 0.995396, 0.000000,
          0.000000, -0.063195, 4.723885, 1.000000;;
         }

         Frame Bone52 {

          FrameTransformMatrix {
           1.000000, 0.000000, 0.000000, 0.000000,
           0.000000, 0.390731, -0.920505, 0.000000,
           0.000000, 0.920505, 0.390731, 0.000000,
           -0.003198, 0.981473, 0.876722, 1.000000;;
          }

          Frame Bone53 {

           FrameTransformMatrix {
            1.000000, 0.000000, 0.000000, 0.000000,
            0.000000, 0.939693, 0.342020, 0.000000,
            0.000000, -0.342020, 0.939693, 0.000000,
            0.000000, -0.374328, 2.055564, 1.000000;;
           }
          }

         }


          Frame Bone55 {

           FrameTransformMatrix {
            1.000000, 0.000000, 0.000000, 0.000000,
            0.000000, 0.981627, -0.190809, 0.000000,
            0.000000, 0.190809, 0.981627, 0.000000,
            -0.003198, -1.060658, 0.819697, 1.000000;;
           }

           Frame Bone56 {

            FrameTransformMatrix {
             1.000000, 0.000000, 0.000000, 0.000000,
             0.000000, 0.594823, -0.803857, 0.000000,
             0.000000, 0.803857, 0.594823, 0.000000,
             0.000000, -2.753367, 0.508003, 1.000000;;
            }
           }

          }


           Frame Bone45 {

            FrameTransformMatrix {
             1.000000, 0.000000, 0.000000, 0.000000,
             0.000000, 0.902585, -0.430511, 0.000000,
             0.000000, 0.430511, 0.902585, 0.000000,
             -0.655503, -0.075459, 1.177852, 1.000000;;
            }
           }


           Frame Bone48 {

            FrameTransformMatrix {
             1.000000, 0.000000, 0.000000, 0.000000,
             0.000000, 0.902585, -0.430511, 0.000000,
             0.000000, 0.430511, 0.902585, 0.000000,
             0.643110, -0.075459, 1.177852, 1.000000;;
            }
           }

          }

        }

       }


       Frame Bone02 {

        FrameTransformMatrix {
         0.956305, 0.000000, -0.292372, 0.000000,
         0.000000, 1.000000, 0.000000, 0.000000,
         0.292372, 0.000000, 0.956305, 0.000000,
         2.803000, -2.645387, 3.572530, 1.000000;;
        }

        Frame Bone03 {

         FrameTransformMatrix {
          0.956305, 0.000000, 0.292372, 0.000000,
          -0.099997, 0.939693, 0.327076, 0.000000,
          -0.274740, -0.342020, 0.898632, 0.000000,
          0.000000, 1.211151, 4.079669, 1.000000;;
         }

         Frame Bone04 {

          FrameTransformMatrix {
           1.000000, 0.000000, 0.000000, 0.000000,
           0.000000, 0.995396, 0.095846, 0.000000,
           0.000000, -0.095846, 0.995396, 0.000000,
           0.000000, -0.063195, 4.723885, 1.000000;;
          }

          Frame Bone01 {

           FrameTransformMatrix {
            1.000000, 0.000000, 0.000000, 0.000000,
            0.000000, 0.390731, -0.920505, 0.000000,
            0.000000, 0.920505, 0.390731, 0.000000,
            -0.003198, 0.981474, 0.876722, 1.000000;;
           }

           Frame Bone05 {

            FrameTransformMatrix {
             1.000000, 0.000000, 0.000000, 0.000000,
             0.000000, 0.939693, 0.342020, 0.000000,
             0.000000, -0.342020, 0.939693, 0.000000,
             0.000000, -0.374328, 2.055564, 1.000000;;
            }
           }

          }


           Frame Bone07 {

            FrameTransformMatrix {
             1.000000, 0.000000, 0.000000, 0.000000,
             0.000000, 0.981627, -0.190809, 0.000000,
             0.000000, 0.190809, 0.981627, 0.000000,
             -0.003198, -1.060658, 0.819697, 1.000000;;
            }

            Frame Bone08 {

             FrameTransformMatrix {
              1.000000, 0.000000, 0.000000, 0.000000,
              0.000000, 0.594823, -0.803857, 0.000000,
              0.000000, 0.803857, 0.594823, 0.000000,
              0.000000, -2.753367, 0.508003, 1.000000;;
             }
            }

           }


            Frame Bone59 {

             FrameTransformMatrix {
              1.000000, 0.000000, 0.000000, 0.000000,
              0.000000, 0.902585, -0.430511, 0.000000,
              0.000000, 0.430511, 0.902585, 0.000000,
              -0.642780, -0.074993, 1.177708, 1.000000;;
             }
            }


            Frame Bone58 {

             FrameTransformMatrix {
              1.000000, 0.000000, 0.000000, 0.000000,
              0.000000, 0.902585, -0.430511, 0.000000,
              0.000000, 0.430511, 0.902585, 0.000000,
              0.655833, -0.074993, 1.177708, 1.000000;;
             }
            }

           }

         }

        }

  Frame eagle_bmp {

   FrameTransformMatrix {
    1.000000, 0.000000, 0.000000, 0.000000,
    0.000000, 1.000000, 0.000000, 0.000000,
    0.000000, 0.000000, 1.000000, 0.000000,
    0.000000, 0.000000, 0.000000, 1.000000;;
   }

   Mesh {
    327;
    -2.460000;12.684700;-9.156200;,
    -2.420000;15.262700;-12.129500;,
    -3.750000;15.765500;-10.030600;,
    -2.320000;18.148300;-11.534100;,
    -1.830000;17.518900;-14.782700;,
    0.000000;18.414200;-12.106700;,
    0.000000;17.884501;-15.175600;,
    1.830000;17.518900;-14.782700;,
    1.510000;16.942301;-16.382000;,
    1.590000;15.199700;-15.303500;,
    0.800000;15.591200;-17.175600;,
    0.900000;14.388500;-17.847200;,
    0.000000;14.958500;-18.881201;,
    0.440000;13.602700;-18.847401;,
    0.000000;13.865600;-19.239000;,
    0.000000;12.695800;-18.834999;,
    -0.440000;13.602700;-18.847401;,
    0.000000;13.212000;-18.463900;,
    -0.900000;14.388500;-17.847200;,
    0.000000;13.792100;-17.478500;,
    -1.590000;15.199700;-15.303500;,
    0.000000;14.286700;-15.261000;,
    0.000000;13.567200;-12.006100;,
    2.420000;15.262700;-12.129500;,
    2.320000;18.148300;-11.534100;,
    0.000000;18.337099;-8.572300;,
    -3.190000;17.944901;-9.010700;,
    -9.484200;16.313000;17.271999;,
    -3.285900;18.328300;9.357300;,
    -9.526600;17.268299;21.155199;,
    0.000000;18.941900;10.052500;,
    0.000000;19.680500;4.954400;,
    3.285500;18.328300;9.357200;,
    4.070000;18.710501;1.714400;,
    5.310000;17.121700;7.819800;,
    11.055000;19.281099;2.856000;,
    11.745000;17.511101;10.806000;,
    19.958300;19.355400;1.645600;,
    22.034000;17.545401;9.395400;,
    28.272699;19.518499;-2.027900;,
    30.781500;18.088499;3.061200;,
    34.792198;18.468500;3.711400;,
    9.484400;16.313000;17.271601;,
    4.492200;15.433000;11.190500;,
    9.526200;17.268299;21.155100;,
    0.000000;16.211901;13.032500;,
    0.000000;12.551800;7.919800;,
    -4.492000;15.433000;11.190900;,
    -3.300000;13.630500;3.784400;,
    -5.310000;17.121700;7.819800;,
    -10.905200;15.961100;0.995700;,
    -11.745200;17.511101;10.805700;,
    -19.649700;16.755400;-1.403400;,
    -22.027201;17.545401;9.394500;,
    -28.486099;17.678499;-1.584000;,
    -30.781500;18.088499;3.061200;,
    -34.792198;18.468500;3.711400;,
    -12.736900;15.213000;13.142500;,
    -5.310000;17.121700;7.819800;,
    -12.906600;15.843000;17.144699;,
    -4.070000;18.710501;1.714400;,
    0.000000;19.570499;-3.325600;,
    3.480000;19.010500;-4.795600;,
    10.985000;19.531099;-5.864000;,
    18.244801;19.475401;-7.162100;,
    17.634899;17.885401;-9.258100;,
    24.442101;18.755400;-13.905200;,
    -42.449299;19.818501;-8.244000;,
    -37.013199;21.038500;-7.937100;,
    -44.050400;19.818501;-3.525700;,
    -35.444500;19.818501;-2.797800;,
    -29.501101;20.828501;-10.047800;,
    -28.272699;19.518499;-2.027900;,
    -25.073999;20.505400;-10.828300;,
    -19.958500;19.355400;1.651500;,
    -18.250999;19.475401;-7.166100;,
    -11.055200;19.281099;2.855700;,
    -10.985200;19.531099;-5.864300;,
    -3.480000;19.010500;-4.795600;,
    -3.190000;17.944901;-9.010700;,
    0.000000;18.337099;-8.572300;,
    -3.296200;6.224700;-1.779500;,
    -3.996200;3.913600;-1.599000;,
    -3.966200;5.633300;-0.973100;,
    -4.726200;6.022200;-1.778700;,
    -4.766200;4.581200;-2.760700;,
    -4.016200;6.435100;-2.650000;,
    -3.996200;4.937800;-3.769600;,
    -3.236200;4.581200;-2.760700;,
    -3.159400;3.793100;-4.149800;,
    -1.323100;3.798500;-4.309600;,
    -1.613100;3.028500;-5.199600;,
    -0.543100;2.768500;-5.119600;,
    -0.663100;1.258500;-5.759600;,
    -1.483100;2.378500;-3.879600;,
    4.685800;6.022300;-1.779100;,
    3.965800;3.913700;-1.599500;,
    3.935800;5.633300;-0.973600;,
    3.265800;6.224800;-1.779900;,
    3.195800;4.581300;-2.761200;,
    3.985800;6.435200;-2.650500;,
    3.965800;4.937800;-3.770100;,
    4.735800;4.581300;-2.761200;,
    4.802600;3.793200;-4.150300;,
    6.641600;3.798500;-4.309600;,
    6.351600;3.028500;-5.199600;,
    7.421600;2.768500;-5.119600;,
    7.301600;1.258500;-5.759600;,
    6.481600;2.378500;-3.879600;,
    -10.825200;17.521099;-8.024300;,
    -17.632601;17.885401;-9.257100;,
    -24.441401;18.755400;-13.904000;,
    -30.539000;21.068501;-14.273300;,
    -33.087101;19.678499;-12.944700;,
    -34.036800;20.828501;-11.417400;,
    -38.144100;19.968500;-12.997400;,
    -42.014000;19.818501;-11.224100;,
    -11.745200;17.511101;10.805700;,
    3.190000;17.944901;-9.010700;,
    10.825000;17.521099;-8.024000;,
    -4.726200;6.022200;-1.778700;,
    -4.849800;9.747700;-1.250500;,
    -3.966200;5.633300;-0.973100;,
    -4.056200;6.150400;1.173200;,
    -3.961600;10.155900;3.749500;,
    -2.362800;9.091900;0.209500;,
    0.000000;10.770500;2.344400;,
    0.000000;10.090500;-2.495600;,
    2.362400;9.092000;0.209000;,
    3.526200;9.081800;-2.151000;,
    3.265800;6.224800;-1.779900;,
    3.985800;6.435200;-2.650500;,
    0.000000;10.885300;-7.723300;,
    -1.510000;16.942301;-16.382000;,
    0.000000;17.062300;-17.003401;,
    34.792198;18.468500;3.711400;,
    28.486099;17.678499;-1.584000;,
    30.781500;18.088499;3.061200;,
    22.034000;17.545401;9.395400;,
    19.645599;16.755400;-1.406500;,
    11.745000;17.511101;10.806000;,
    10.905000;15.961100;0.986000;,
    5.310000;17.121700;7.819800;,
    3.300000;13.630500;3.784400;,
    -34.076199;19.368500;-10.899700;,
    -26.005199;18.175400;-9.495300;,
    -34.907700;18.778500;0.474000;,
    -37.837799;19.008499;0.479900;,
    -37.558899;19.818501;-10.044200;,
    -42.014000;19.818501;-11.224100;,
    -38.144100;19.968500;-12.997400;,
    -33.087101;19.678499;-12.944700;,
    -3.159400;2.956000;-2.590600;,
    -3.999400;1.869000;-0.453900;,
    -3.269400;1.321400;-1.542800;,
    -3.999400;0.409600;-0.829000;,
    -3.999400;-0.386600;-2.331800;,
    -4.729400;1.321400;-1.542800;,
    -3.999400;3.039100;-8.405800;,
    -4.729400;3.862500;-6.499100;,
    -3.269400;3.862500;-6.499100;,
    -3.159400;3.793100;-4.149800;,
    -4.839400;3.793100;-4.149800;,
    -3.159400;2.956000;-2.590600;,
    -4.839400;2.956000;-2.590600;,
    -3.269400;1.321400;-1.542800;,
    -4.729400;1.321400;-1.542800;,
    -3.999400;-0.386600;-2.331800;,
    34.076302;19.368999;-10.899600;,
    26.006001;18.175400;-9.495600;,
    33.087200;19.679001;-12.944700;,
    38.144199;19.969000;-12.997400;,
    42.014099;19.819000;-11.224100;,
    37.559101;19.819000;-10.044400;,
    37.838001;19.009001;0.479800;,
    34.907700;18.778500;0.474000;,
    4.849300;9.747800;-1.251000;,
    3.961200;10.155900;3.759000;,
    4.356400;12.420400;0.049000;,
    4.025800;6.150400;1.172700;,
    3.935800;5.633300;-0.973600;,
    4.685800;6.022300;-1.779100;,
    3.985800;6.435200;-2.650500;,
    3.526200;9.081800;-2.151000;,
    3.906400;12.011000;-3.981000;,
    3.232600;1.321500;-1.543300;,
    3.972600;0.409700;-0.829500;,
    3.972600;-0.386500;-2.332200;,
    4.692600;1.321500;-1.543300;,
    3.972600;1.869000;-0.454400;,
    4.802600;2.948600;-2.584500;,
    -30.576099;19.738501;-15.925700;,
    -24.441401;18.755400;-13.904000;,
    -17.632601;17.885401;-9.257100;,
    -10.825200;17.521099;-8.024300;,
    -3.906900;12.010900;-3.980500;,
    -4.356800;12.420300;0.049500;,
    -6.521700;2.378500;-3.879600;,
    -6.681700;3.798500;-4.309600;,
    -4.839400;2.956000;-2.590600;,
    -4.839400;3.793100;-4.149800;,
    -3.999400;5.301600;-6.228400;,
    -3.269400;3.862500;-6.499100;,
    25.067900;20.505400;-10.830000;,
    29.501301;20.829000;-10.048000;,
    35.444698;19.819000;-2.798000;,
    37.013401;21.039000;-7.937300;,
    44.050499;19.819000;-3.525900;,
    42.449501;19.819000;-8.244200;,
    37.559101;19.819000;-10.044400;,
    34.036900;20.829000;-11.417400;,
    33.087200;19.679001;-12.944700;,
    30.539200;21.069000;-14.273300;,
    37.003700;20.239000;-15.487600;,
    30.576300;19.739000;-15.925700;,
    4.356400;12.420400;0.049000;,
    3.906400;12.011000;-3.981000;,
    10.825000;17.521099;-8.024000;,
    17.634899;17.885401;-9.258100;,
    24.442101;18.755400;-13.905200;,
    30.576300;19.739000;-15.925700;,
    3.232600;3.862600;-6.499600;,
    3.132600;3.793200;-4.150300;,
    4.692600;3.862600;-6.499600;,
    4.802600;3.793200;-4.150300;,
    3.132600;2.948600;-2.584500;,
    4.802600;2.948600;-2.584500;,
    3.232600;1.321500;-1.543300;,
    4.692600;1.321500;-1.543300;,
    3.972600;-0.386500;-2.332200;,
    1.453000;2.378500;-3.879600;,
    1.283000;3.798500;-4.309600;,
    3.132600;2.948600;-2.584500;,
    3.132600;3.793200;-4.150300;,
    3.972600;5.301700;-6.228800;,
    4.692600;3.862600;-6.499600;,
    -0.800000;15.591200;-17.175600;,
    0.000000;15.722200;-17.633600;,
    2.460000;12.684700;-9.156200;,
    3.750000;15.765500;-10.030600;,
    3.190000;17.944901;-9.010700;,
    0.000000;18.341900;21.592501;,
    -5.343100;18.388300;23.139099;,
    -9.526600;17.268299;21.155199;,
    -9.484200;16.313000;17.271999;,
    -12.906600;15.843000;17.144699;,
    -5.343100;18.388300;23.139099;,
    0.000000;18.341900;21.592501;,
    5.342700;18.388300;23.139099;,
    9.526200;17.268299;21.155100;,
    -34.792198;18.468500;3.711400;,
    -30.781500;18.088499;3.061200;,
    -22.027201;17.545401;9.394500;,
    -4.356800;12.420300;0.049500;,
    -3.906900;12.010900;-3.980500;,
    -3.526700;9.081700;-2.150500;,
    -4.016200;6.435100;-2.650000;,
    3.750000;15.765500;-10.030600;,
    2.460000;12.684700;-9.156200;,
    0.000000;10.885300;-7.723300;,
    0.000000;10.090500;-2.495600;,
    -34.907700;18.778500;0.474000;,
    -37.837799;19.008499;0.479900;,
    -3.906900;12.010900;-3.980500;,
    -3.526700;9.081700;-2.150500;,
    -3.296200;6.224700;-1.779500;,
    -3.966200;5.633300;-0.973100;,
    -3.999400;4.770200;-7.491500;,
    -3.999400;3.039100;-8.405800;,
    -4.729400;3.862500;-6.499100;,
    -7.451700;2.768500;-5.119600;,
    -6.391700;3.028500;-5.199600;,
    -7.331700;1.258500;-5.759600;,
    9.484400;16.313000;17.271601;,
    12.906800;15.843000;17.144400;,
    12.737100;15.213000;13.142100;,
    3.935800;5.633300;-0.973600;,
    3.300000;13.630500;3.784400;,
    3.232600;3.862600;-6.499600;,
    3.972600;4.770300;-7.492000;,
    3.972600;3.039100;-8.406300;,
    0.513000;2.768500;-5.119600;,
    1.573000;3.028500;-5.199600;,
    0.633000;1.258500;-5.759600;,
    -37.558899;19.818501;-10.044200;,
    -30.576099;19.738501;-15.925700;,
    -37.003601;20.248501;-15.487600;,
    -2.460000;12.684700;-9.156200;,
    -3.750000;15.765500;-10.030600;,
    -7.331700;1.258500;-5.759600;,
    -6.521700;2.378500;-3.879600;,
    -6.391700;3.028500;-5.199600;,
    -4.839400;3.793100;-4.149800;,
    -4.839400;2.956000;-2.590600;,
    -1.483100;2.378500;-3.879600;,
    -1.613100;3.028500;-5.199600;,
    -0.663100;1.258500;-5.759600;,
    37.838001;19.009001;0.479800;,
    34.907700;18.778500;0.474000;,
    42.014099;19.819000;-11.224100;,
    38.144199;19.969000;-12.997400;,
    12.737100;15.213000;13.142100;,
    12.906800;15.843000;17.144400;,
    4.802600;2.948600;-2.584500;,
    6.481600;2.378500;-3.879600;,
    4.802600;3.793200;-4.150300;,
    6.351600;3.028500;-5.199600;,
    7.301600;1.258500;-5.759600;,
    0.633000;1.258500;-5.759600;,
    1.453000;2.378500;-3.879600;,
    1.573000;3.028500;-5.199600;,
    -42.449299;19.818501;-8.244000;,
    -44.050400;19.818501;-3.525700;,
    -37.003601;20.248501;-15.487600;,
    -12.736900;15.213000;13.142500;,
    0.000000;10.770500;2.344400;,
    -3.300000;13.630500;3.784400;,
    5.342700;18.388300;23.139099;,
    42.449501;19.819000;-8.244200;,
    44.050499;19.819000;-3.525900;,
    37.003700;20.239000;-15.487600;,
    0.000000;13.792100;-17.478500;,
    -3.750000;15.765500;-10.030600;,
    -4.016200;6.435100;-2.650000;,
    3.750000;15.765500;-10.030600;,
    3.906400;12.011000;-3.981000;,
    3.972600;3.039100;-8.406300;;
    414;
    3;0,2,1;,
    3;2,3,1;,
    3;1,3,4;,
    3;3,5,4;,
    3;4,5,6;,
    3;5,7,6;,
    3;6,7,8;,
    3;7,9,8;,
    3;8,9,10;,
    3;9,11,10;,
    3;10,11,12;,
    3;11,13,12;,
    3;12,13,14;,
    3;13,15,14;,
    3;14,15,16;,
    3;15,17,16;,
    3;16,17,18;,
    3;17,19,18;,
    3;18,19,20;,
    3;19,21,20;,
    3;20,21,22;,
    3;21,9,22;,
    3;22,9,23;,
    3;9,7,23;,
    3;23,7,24;,
    3;7,5,24;,
    3;24,5,25;,
    3;5,3,25;,
    3;25,3,26;,
    3;3,2,26;,
    3;27,29,28;,
    3;29,30,28;,
    3;28,30,31;,
    3;30,32,31;,
    3;31,32,33;,
    3;32,34,33;,
    3;33,34,35;,
    3;34,36,35;,
    3;35,36,37;,
    3;36,38,37;,
    3;37,38,39;,
    3;38,40,39;,
    3;39,40,41;,
    3;42,44,43;,
    3;44,45,43;,
    3;43,45,46;,
    3;45,47,46;,
    3;46,47,48;,
    3;47,49,48;,
    3;48,49,50;,
    3;49,51,50;,
    3;50,51,52;,
    3;51,53,52;,
    3;52,53,54;,
    3;53,55,54;,
    3;54,55,56;,
    3;57,59,58;,
    3;59,28,58;,
    3;58,28,60;,
    3;28,31,60;,
    3;60,31,61;,
    3;31,33,61;,
    3;61,33,62;,
    3;33,35,62;,
    3;62,35,63;,
    3;35,64,63;,
    3;63,64,65;,
    3;64,66,65;,
    3;67,69,68;,
    3;69,70,68;,
    3;68,70,71;,
    3;70,72,71;,
    3;71,72,73;,
    3;72,74,73;,
    3;73,74,75;,
    3;74,76,75;,
    3;75,76,77;,
    3;76,78,77;,
    3;77,78,79;,
    3;78,80,79;,
    3;81,83,82;,
    3;83,84,82;,
    3;82,84,85;,
    3;84,86,85;,
    3;85,86,87;,
    3;86,88,87;,
    3;87,88,89;,
    3;88,90,89;,
    3;89,90,91;,
    3;90,92,91;,
    3;91,92,93;,
    3;92,94,93;,
    3;95,97,96;,
    3;97,98,96;,
    3;96,98,99;,
    3;98,100,99;,
    3;99,100,101;,
    3;100,102,101;,
    3;101,102,103;,
    3;102,104,103;,
    3;103,104,105;,
    3;104,106,105;,
    3;105,106,107;,
    3;106,108,107;,
    3;79,109,77;,
    3;109,110,77;,
    3;77,110,75;,
    3;110,111,75;,
    3;75,111,73;,
    3;111,112,73;,
    3;73,112,71;,
    3;112,113,71;,
    3;71,113,114;,
    3;113,115,114;,
    3;114,115,116;,
    3;117,58,76;,
    3;58,60,76;,
    3;76,60,78;,
    3;60,61,78;,
    3;78,61,80;,
    3;61,62,80;,
    3;80,62,118;,
    3;62,63,118;,
    3;118,63,119;,
    3;63,65,119;,
    3;120,122,121;,
    3;122,123,121;,
    3;121,123,124;,
    3;123,125,124;,
    3;124,125,126;,
    3;125,127,126;,
    3;126,127,128;,
    3;127,129,128;,
    3;128,129,130;,
    3;129,131,130;,
    3;132,0,22;,
    3;0,1,22;,
    3;22,1,20;,
    3;1,4,20;,
    3;20,4,133;,
    3;4,6,133;,
    3;133,6,134;,
    3;6,8,134;,
    3;134,8,10;,
    3;135,137,136;,
    3;137,138,136;,
    3;136,138,139;,
    3;138,140,139;,
    3;139,140,141;,
    3;140,142,141;,
    3;141,142,143;,
    3;142,43,143;,
    3;143,43,46;,
    3;144,145,54;,
    3;144,54,146;,
    3;144,146,147;,
    3;144,147,148;,
    3;144,148,149;,
    3;144,149,150;,
    3;144,150,151;,
    3;144,151,145;,
    3;86,81,88;,
    3;81,82,88;,
    3;88,82,152;,
    3;82,153,152;,
    3;152,153,154;,
    3;153,155,154;,
    3;154,155,156;,
    3;155,157,156;,
    3;158,160,159;,
    3;160,161,159;,
    3;159,161,162;,
    3;161,163,162;,
    3;162,163,164;,
    3;163,165,164;,
    3;164,165,166;,
    3;165,167,166;,
    3;168,136,169;,
    3;168,169,170;,
    3;168,170,171;,
    3;168,171,172;,
    3;168,172,173;,
    3;168,173,174;,
    3;168,174,175;,
    3;168,175,136;,
    3;176,178,177;,
    3;176,177,179;,
    3;176,179,180;,
    3;176,180,181;,
    3;176,181,182;,
    3;176,182,183;,
    3;176,183,184;,
    3;176,184,178;,
    3;185,187,186;,
    3;187,188,186;,
    3;186,188,189;,
    3;188,190,189;,
    3;189,190,96;,
    3;190,102,96;,
    3;96,102,95;,
    3;102,100,95;,
    3;191,192,145;,
    3;192,193,145;,
    3;145,193,52;,
    3;193,194,52;,
    3;52,194,50;,
    3;194,195,50;,
    3;50,195,196;,
    3;197,199,198;,
    3;199,85,198;,
    3;198,85,200;,
    3;85,87,200;,
    3;200,87,201;,
    3;87,89,201;,
    3;201,89,202;,
    3;64,37,203;,
    3;37,39,203;,
    3;203,39,204;,
    3;39,205,204;,
    3;204,205,206;,
    3;205,207,206;,
    3;206,207,208;,
    3;208,209,206;,
    3;209,210,206;,
    3;206,210,204;,
    3;210,211,204;,
    3;204,211,212;,
    3;211,213,212;,
    3;212,213,214;,
    3;215,216,141;,
    3;216,217,141;,
    3;141,217,139;,
    3;217,218,139;,
    3;139,218,169;,
    3;218,219,169;,
    3;169,219,220;,
    3;221,223,222;,
    3;223,224,222;,
    3;222,224,225;,
    3;224,226,225;,
    3;225,226,227;,
    3;226,228,227;,
    3;227,228,229;,
    3;230,232,231;,
    3;232,99,231;,
    3;231,99,233;,
    3;99,101,233;,
    3;233,101,234;,
    3;101,103,234;,
    3;234,103,235;,
    3;236,20,133;,
    3;236,133,134;,
    3;236,134,237;,
    3;236,237,12;,
    3;236,12,18;,
    3;236,18,20;,
    3;132,22,238;,
    3;22,23,238;,
    3;238,23,239;,
    3;23,24,239;,
    3;239,24,240;,
    3;24,25,240;,
    3;241,242,45;,
    3;242,243,45;,
    3;45,243,47;,
    3;243,244,47;,
    3;47,244,245;,
    3;30,29,246;,
    3;30,246,247;,
    3;30,247,248;,
    3;30,248,249;,
    3;30,249,32;,
    3;250,251,72;,
    3;251,252,72;,
    3;72,252,74;,
    3;252,117,74;,
    3;74,117,76;,
    3;121,124,253;,
    3;121,253,254;,
    3;121,254,255;,
    3;121,255,256;,
    3;121,256,120;,
    3;257,217,258;,
    3;217,216,258;,
    3;258,216,259;,
    3;216,260,259;,
    3;259,260,195;,
    3;250,72,261;,
    3;72,70,261;,
    3;261,70,262;,
    3;70,69,262;,
    3;263,127,264;,
    3;127,125,264;,
    3;264,125,265;,
    3;125,266,265;,
    3;267,201,202;,
    3;267,202,268;,
    3;267,268,269;,
    3;267,269,201;,
    3;270,197,198;,
    3;270,198,271;,
    3;270,271,272;,
    3;270,272,197;,
    3;249,273,32;,
    3;273,274,32;,
    3;32,274,34;,
    3;274,275,34;,
    3;276,179,128;,
    3;179,177,128;,
    3;128,177,126;,
    3;177,277,126;,
    3;233,234,278;,
    3;234,279,278;,
    3;278,279,280;,
    3;279,235,280;,
    3;281,230,231;,
    3;281,231,282;,
    3;281,282,283;,
    3;281,283,230;,
    3;67,68,284;,
    3;68,114,284;,
    3;284,114,116;,
    3;111,285,112;,
    3;285,286,112;,
    3;112,286,113;,
    3;259,195,287;,
    3;195,194,287;,
    3;287,194,288;,
    3;157,153,199;,
    3;153,82,199;,
    3;199,82,85;,
    3;289,291,290;,
    3;291,292,290;,
    3;290,292,293;,
    3;88,152,90;,
    3;152,94,90;,
    3;90,94,92;,
    3;163,161,294;,
    3;161,295,294;,
    3;294,295,296;,
    3;64,203,66;,
    3;203,212,66;,
    3;66,212,214;,
    3;297,205,298;,
    3;205,39,298;,
    3;298,39,41;,
    3;209,299,210;,
    3;299,300,210;,
    3;210,300,211;,
    3;142,301,43;,
    3;301,302,43;,
    3;43,302,42;,
    3;15,13,17;,
    3;13,11,17;,
    3;17,11,19;,
    3;185,189,232;,
    3;189,96,232;,
    3;232,96,99;,
    3;102,190,104;,
    3;190,108,104;,
    3;104,108,106;,
    3;303,305,304;,
    3;305,306,304;,
    3;304,306,307;,
    3;308,310,309;,
    3;310,222,309;,
    3;309,222,225;,
    3;311,148,312;,
    3;148,147,312;,
    3;313,191,151;,
    3;191,145,151;,
    3;245,314,47;,
    3;314,49,47;,
    3;48,315,46;,
    3;315,143,46;,
    3;253,124,316;,
    3;124,126,316;,
    3;18,12,16;,
    3;12,14,16;,
    3;241,45,317;,
    3;45,44,317;,
    3;318,319,173;,
    3;319,174,173;,
    3;320,170,220;,
    3;170,169,220;,
    3;21,321,9;,
    3;321,11,9;,
    3;134,10,237;,
    3;10,12,237;,
    3;28,59,27;,
    3;79,322,109;,
    3;114,68,71;,
    3;52,54,145;,
    3;56,146,54;,
    3;123,266,125;,
    3;323,264,265;,
    3;196,48,50;,
    3;269,200,201;,
    3;155,153,157;,
    3;271,198,200;,
    3;324,118,119;,
    3;37,64,35;,
    3;207,205,297;,
    3;203,204,212;,
    3;136,139,169;,
    3;175,135,136;,
    3;127,325,129;,
    3;178,277,177;,
    3;276,128,130;,
    3;143,215,141;,
    3;186,189,185;,
    3;235,279,234;,
    3;326,223,221;,
    3;282,231,233;;

    MeshNormals {
     327;
     -0.504200;-0.702900;-0.501700;,
     -0.857800;-0.332300;-0.392000;,
     -0.708500;0.026900;-0.705200;,
     -0.641200;0.729500;-0.238100;,
     -0.758200;0.587400;-0.283200;,
     0.000000;0.992700;-0.120300;,
     0.000000;0.945500;-0.325500;,
     0.758200;0.587400;-0.283200;,
     0.689500;0.455200;-0.563400;,
     0.851600;-0.494400;-0.174200;,
     0.708600;0.338600;-0.619100;,
     0.947500;-0.280400;-0.153400;,
     0.000000;0.584200;-0.811600;,
     0.913900;-0.215800;-0.343800;,
     0.000000;-0.037800;-0.999300;,
     0.000000;-0.914000;-0.405700;,
     -0.913900;-0.215800;-0.343800;,
     0.000000;-0.843200;0.537600;,
     -0.947500;-0.280400;-0.153400;,
     0.000000;-0.959300;0.282500;,
     -0.851600;-0.494400;-0.174200;,
     0.000000;-1.000000;0.000500;,
     0.000000;-0.912200;-0.409800;,
     0.857800;-0.332300;-0.392000;,
     0.641200;0.729500;-0.238100;,
     0.000000;0.994300;-0.106700;,
     -0.245000;0.861900;-0.444000;,
     -0.349900;0.936100;-0.034700;,
     -0.338400;0.941000;0.006900;,
     -0.323000;0.942000;-0.091400;,
     0.000000;0.999500;0.032900;,
     0.000000;0.997500;0.070300;,
     0.338400;0.941000;0.006900;,
     0.178100;0.979900;0.090000;,
     0.218400;0.974400;0.053000;,
     -0.059900;0.990800;0.121300;,
     -0.039100;0.974200;0.222300;,
     0.002100;0.991000;0.134200;,
     0.068200;0.973500;0.218400;,
     0.000600;0.980100;0.198400;,
     -0.020500;0.959200;0.281900;,
     -0.034300;0.975200;0.218800;,
     -0.121000;-0.963400;0.239200;,
     0.158100;-0.974800;0.157400;,
     -0.094700;-0.961600;0.257700;,
     0.000000;-0.942500;0.334300;,
     0.000000;-0.930600;0.365900;,
     -0.158100;-0.974800;0.157400;,
     -0.608300;-0.666000;0.431900;,
     -0.395000;-0.917200;0.051200;,
     -0.301500;-0.944300;0.131900;,
     -0.043200;-0.991200;0.125200;,
     -0.064500;-0.997000;-0.043300;,
     -0.069600;-0.996100;0.054100;,
     -0.128600;-0.991200;-0.030800;,
     -0.090100;-0.995000;0.042300;,
     -0.128600;-0.991200;-0.030800;,
     -0.351700;0.922400;-0.159900;,
     -0.218400;0.974400;0.053000;,
     -0.300200;0.951100;-0.073100;,
     -0.178100;0.979900;0.090000;,
     -0.010000;0.994700;-0.102200;,
     -0.010000;0.994700;-0.102200;,
     -0.050200;0.925700;-0.374900;,
     -0.174300;0.954100;-0.243400;,
     -0.252600;-0.281200;-0.925800;,
     -0.457200;0.435700;-0.775300;,
     -0.195600;0.942600;-0.270700;,
     -0.121800;0.988300;-0.091500;,
     -0.085600;0.987500;0.132500;,
     0.028700;0.964700;0.261800;,
     0.007100;0.999800;0.017400;,
     -0.000600;0.980100;0.198400;,
     0.169000;0.981800;-0.086400;,
     -0.002100;0.991000;0.134200;,
     0.174300;0.954100;-0.243400;,
     0.059900;0.990800;0.121300;,
     0.050200;0.925700;-0.374900;,
     -0.010000;0.994700;-0.102200;,
     -0.245000;0.861900;-0.444000;,
     0.000000;0.994300;-0.106700;,
     0.984700;-0.032800;0.171400;,
     0.016200;-0.045200;0.998800;,
     0.054400;-0.339300;0.939100;,
     -0.973200;-0.046100;0.225300;,
     -0.905500;0.424200;-0.006200;,
     -0.017700;0.584600;-0.811100;,
     -0.000600;0.908300;-0.418400;,
     0.900200;0.435300;-0.013500;,
     0.377100;-0.348700;-0.858000;,
     0.627200;0.773800;0.088600;,
     -0.387300;0.220200;-0.895300;,
     0.892000;0.402400;-0.205800;,
     0.113000;-0.542500;-0.832400;,
     0.086200;-0.877100;0.472600;,
     0.973200;-0.046100;0.225300;,
     -0.016200;-0.045200;0.998800;,
     -0.054400;-0.339300;0.939100;,
     -0.984700;-0.032800;0.171400;,
     -0.900200;0.435300;-0.013500;,
     0.017700;0.584600;-0.811100;,
     0.000600;0.908300;-0.418400;,
     0.905500;0.424200;-0.006200;,
     0.337900;-0.277500;-0.899300;,
     0.627200;0.773800;0.088600;,
     -0.387300;0.220200;-0.895300;,
     0.892000;0.402400;-0.205800;,
     0.113000;-0.542500;-0.832400;,
     0.086200;-0.877100;0.472600;,
     -0.343400;-0.453700;-0.822300;,
     0.252600;-0.281200;-0.925800;,
     0.457200;0.435700;-0.775300;,
     0.028500;0.982400;-0.184600;,
     -0.115400;0.984100;-0.135300;,
     -0.071300;0.968000;-0.240500;,
     -0.038200;0.916800;-0.397500;,
     -0.121900;0.986700;0.108000;,
     0.039100;0.974200;0.222300;,
     0.245000;0.861900;-0.444000;,
     0.343400;-0.453700;-0.822300;,
     -0.998800;-0.038900;0.028100;,
     -0.983100;-0.035600;-0.179800;,
     -0.020200;-0.749000;0.662200;,
     -0.187500;-0.788200;0.586200;,
     -0.496200;-0.364300;0.788100;,
     0.739300;-0.657300;0.146300;,
     0.000000;-0.837400;0.546600;,
     0.000000;-0.956300;-0.292400;,
     -0.742400;-0.653600;0.147100;,
     -0.221800;-0.422000;-0.879100;,
     -0.941000;-0.177100;-0.288300;,
     0.219200;0.130200;-0.967000;,
     0.000000;-0.945000;-0.327000;,
     -0.689500;0.455200;-0.563400;,
     0.000000;0.607000;-0.794700;,
     0.128600;-0.991200;-0.030800;,
     0.128600;-0.991200;-0.030800;,
     0.090100;-0.995000;0.042300;,
     0.069600;-0.996100;0.054100;,
     0.064500;-0.997000;-0.043300;,
     0.043200;-0.991200;0.125200;,
     0.301500;-0.944300;0.131900;,
     0.395000;-0.917200;0.051200;,
     0.608300;-0.666000;0.431900;,
     -0.103500;-0.991500;-0.079300;,
     -0.092300;-0.985500;-0.142100;,
     -0.154200;-0.985600;-0.069700;,
     -0.102600;-0.992100;-0.072500;,
     -0.074100;-0.997000;0.022900;,
     -0.058400;-0.997800;0.030600;,
     -0.051600;-0.981500;-0.184500;,
     -0.109600;-0.985400;-0.130400;,
     0.813100;-0.544600;0.205500;,
     0.000000;0.216100;0.976400;,
     0.830100;-0.353900;-0.430900;,
     0.000000;-0.599100;0.800600;,
     0.000000;-0.799900;-0.600200;,
     -0.963800;-0.202800;-0.173000;,
     0.000000;-0.698800;-0.715300;,
     -0.825000;-0.555800;-0.102000;,
     0.954200;-0.278900;-0.108100;,
     0.377100;-0.348700;-0.858000;,
     -0.337900;-0.277500;-0.899300;,
     0.813100;-0.544600;0.205500;,
     -0.864700;-0.487700;0.120400;,
     0.830100;-0.353900;-0.430900;,
     -0.963800;-0.202800;-0.173000;,
     0.000000;-0.799900;-0.600200;,
     0.103500;-0.991500;-0.079300;,
     0.092300;-0.985500;-0.142100;,
     0.109600;-0.985400;-0.130400;,
     0.051600;-0.981500;-0.184500;,
     0.058400;-0.997800;0.030600;,
     0.074100;-0.997000;0.022900;,
     0.102600;-0.992100;-0.072500;,
     0.154200;-0.985600;-0.069700;,
     0.982800;-0.040900;-0.180000;,
     0.495000;-0.365000;0.788500;,
     0.940100;-0.297500;0.166300;,
     0.180200;-0.789600;0.586500;,
     0.016600;-0.748400;0.663000;,
     0.998500;-0.047700;0.025100;,
     0.219200;0.130200;-0.967000;,
     -0.221800;-0.422000;-0.879100;,
     0.581500;-0.738100;-0.342200;,
     -0.830100;-0.353900;-0.430900;,
     0.000000;-0.599100;0.800600;,
     0.000000;-0.799900;-0.600200;,
     0.963800;-0.202800;-0.173000;,
     0.000000;0.216100;0.976400;,
     0.864700;-0.487700;0.120400;,
     -0.109600;-0.985400;-0.130400;,
     0.457200;0.435700;-0.775300;,
     0.252600;-0.281200;-0.925800;,
     -0.343400;-0.453700;-0.822300;,
     -0.581500;-0.738100;-0.342200;,
     -0.940100;-0.297500;0.166300;,
     -0.086200;-0.877100;0.472600;,
     -0.627200;0.773800;0.088600;,
     -0.864700;-0.487700;0.120400;,
     -0.337900;-0.277500;-0.899300;,
     0.000000;0.995500;-0.094300;,
     0.954200;-0.278900;-0.108100;,
     -0.169000;0.981800;-0.086400;,
     -0.007100;0.999800;0.017400;,
     -0.025600;0.970900;0.238100;,
     0.121800;0.988300;-0.091500;,
     0.085600;0.987500;0.132500;,
     0.195600;0.942600;-0.270700;,
     0.241700;0.957000;-0.160500;,
     0.071300;0.968000;-0.240500;,
     0.115400;0.984100;-0.135300;,
     -0.028500;0.982400;-0.184600;,
     0.110500;0.990500;-0.082300;,
     -0.168800;0.766300;-0.619900;,
     0.940100;-0.297500;0.166300;,
     0.581500;-0.738100;-0.342200;,
     0.343400;-0.453700;-0.822300;,
     -0.252600;-0.281200;-0.925800;,
     -0.457200;0.435700;-0.775300;,
     0.109600;-0.985400;-0.130400;,
     -0.954200;-0.278900;-0.108100;,
     -0.377100;-0.348700;-0.858000;,
     0.825000;-0.555800;-0.102000;,
     0.337900;-0.277500;-0.899300;,
     -0.813100;-0.544600;0.205500;,
     0.864700;-0.487700;0.120400;,
     -0.830100;-0.353900;-0.430900;,
     0.963800;-0.202800;-0.173000;,
     0.000000;-0.799900;-0.600200;,
     -0.086200;-0.877100;0.472600;,
     -0.627200;0.773800;0.088600;,
     -0.813100;-0.544600;0.205500;,
     -0.377100;-0.348700;-0.858000;,
